# name ri0 ri1 chi2/dof rho0 l h z0 err(rho0 l h z0)
  mean0.10    0.1   0.15     avgcyl.0.100-0.150.mean.txt avgcyl.0.100-0.150.mean.cleaned.txt     694.696 9.580216424e-05 7628.827132 1941.095855 -72.33724916 2.461602352e-07 9.432268924 1.365149865 1.918049004 0.000000000 0.000000000 0.000000000
  mean0.15   0.15    0.2     avgcyl.0.150-0.200.mean.txt avgcyl.0.150-0.200.mean.cleaned.txt   597.4143319 0.002357895665 3852.161906 823.5028729 -46.1347009 8.184636265e-06 4.539177711 0.4905221868 0.8128210627 0.000000000 0.000000000 0.000000000
  mean0.20    0.2   0.25     avgcyl.0.200-0.250.mean.txt avgcyl.0.200-0.250.mean.cleaned.txt   500.6712893 0.002445762433 3699.381343 765.6527771 -46.56804407 9.8359426e-06 5.057147094 0.5111093793 0.8557404893 0.000000000 0.000000000 0.000000000
  mean0.25   0.25    0.3     avgcyl.0.250-0.300.mean.txt avgcyl.0.250-0.300.mean.cleaned.txt 70.3455 0.000807024 2600.000000000 277.000000000 24.000000000 0.064700000 3300.000000000 1100.000000000 0.001455012 2.362341695 1.160000000    0.000001862 0.000000000 0.000000000 0.000000000 0.000000000 0.000000000 0.000000000 0.000025781 0.050979497 0.000000000
  mean0.30    0.3   0.35     avgcyl.0.300-0.350.mean.txt avgcyl.0.300-0.350.mean.cleaned.txt 4.26414 0.001357277 2600.000000000 277.000000000 24.000000000 0.064700000 3360.795677640 799.754763844 0.001172359 2.300000000 1.160000000    0.000006183 0.000000000 0.000000000 0.000000000 0.000000000 14.834538979 2.611686968 0.000007419 0.000000000 0.000000000
  mean0.35   0.35    0.4     avgcyl.0.350-0.400.mean.txt avgcyl.0.350-0.400.mean.cleaned.txt 2.68169 0.001273605 2600.000000000 277.000000000 24.000000000 0.064700000 3159.695416235 797.269124528 0.001427400 2.300000000 1.160000000    0.000006394 0.000000000 0.000000000 0.000000000 0.000000000 15.068782875 3.127451629 0.000010360 0.000000000 0.000000000
  mean0.40    0.4   0.45     avgcyl.0.400-0.450.mean.txt avgcyl.0.400-0.450.mean.cleaned.txt           8.45975 0.031666978 2500.000000000 300.000000000 24.000000000 0.012000000 3705.076677018 1224.786514038 0.000000000 1.500000000 3.000000000    0.000120788 0.000000000 0.000000000 0.000000000 0.000000000 14.956989462 4.455832246 0.000000000 0.000000000 0.000000000
  mean0.45   0.45    0.5     avgcyl.0.450-0.500.mean.txt avgcyl.0.450-0.500.mean.cleaned.txt   5.31109 0.030493365 2500.000000000 300.000000000 24.000000000 0.012000000 3770.828227781 1282.661523097 0.000000000 1.500000000 3.000000000    0.000133476 0.000000000 0.000000000 0.000000000 0.000000000 16.535957912 5.214121241 0.000000000 0.000000000 0.000000000
  mean0.50    0.5   0.55     avgcyl.0.500-0.550.mean.txt avgcyl.0.500-0.550.mean.cleaned.txt  3.54975 0.001250000 2440.922166784 283.612504957 24.000000000 0.029887132 4746.150362451 1475.116286582 0.000000000 1.500000000 3.000000000    0.000000000 9.116272131 1.466397002 0.000000000 0.000747947 37.114106131 13.037241179 0.000000000 0.000000000 0.000000000
  mean0.55   0.55    0.6     avgcyl.0.550-0.600.mean.txt avgcyl.0.550-0.600.mean.cleaned.txt   3.20546 0.029969479 2500.000000000 300.000000000 24.000000000 0.003811188 5800.337769694 1807.662919511 0.000000000 1.500000000 3.000000000    0.000113481 0.000000000 0.000000000 0.000000000 0.000116268 77.263876181 21.122005465 0.000000000 0.000000000 0.000000000
  mean0.60    0.6   0.65     avgcyl.0.600-0.650.mean.txt avgcyl.0.600-0.650.mean.cleaned.txt   2.24332 0.029563570 2500.000000000 300.000000000 24.000000000 0.003478133 6437.869363086 1818.718582316 0.000000000 1.500000000 3.000000000    0.000118550 0.000000000 0.000000000 0.000000000 0.000122730 115.585436745 23.311185664 0.000000000 0.000000000 0.000000000
  mean0.65   0.65    0.7     avgcyl.0.650-0.700.mean.txt avgcyl.0.650-0.700.mean.cleaned.txt      2.33 0.030171423 2500.000000000 300.000000000 24.000000000 0.003611800 6500.235166740 1721.308455995 0.000000000 1.500000000 3.000000000    0.000125272 0.000000000 0.000000000 0.000000000 0.000152433 147.930601031 24.058040107 0.000000000 0.000000000 0.000000000
  mean0.70    0.7    0.8     avgcyl.0.700-0.800.mean.txt avgcyl.0.700-0.800.mean.cleaned.txt 1.48384 0.003270000 2191.415659498 236.700190301 24.000000000 0.063612496 3390.826803108 930.780784233 0.000000000 1.500000000 3.000000000    0.000000000 7.773263919 2.381709101 0.000000000 0.004279300 60.754004514 18.205787577 0.000000000 0.000000000 0.000000000
  mean0.80    0.8    0.9     avgcyl.0.800-0.900.mean.txt avgcyl.0.800-0.900.mean.cleaned.txt 1.94583 0.003580000 2467.375272745 249.997516481 24.000000000 0.059453418 3001.838294204 963.524339097 0.000000000 1.500000000 3.000000000    0.000000000 4.060246716 1.416096114 0.000000000 0.002876436 27.477763732 17.767272014 0.000000000 0.000000000 0.000000000
  mean0.90    0.9      1     avgcyl.0.900-1.000.mean.txt avgcyl.0.900-1.000.mean.cleaned.txt 1.91397 0.004070000 2850.550602332 248.781781540 24.000000000 0.068782852 3174.533139737 902.672855358 0.000000000 1.500000000 3.000000000    0.000000000 4.747513032 1.778026926 0.000000000 0.004741390 40.927257679 24.659803035 0.000000000 0.000000000 0.000000000
  mean1.00      1    1.1     avgcyl.1.000-1.100.mean.txt avgcyl.1.000-1.100.mean.cleaned.txt 2.36239 0.004680665 2894.289697276 268.280151741 24.000000000 0.040000000 2887.435185462 1408.506381824 0.000000000 1.500000000 3.000000000    0.000123241 26.026482875 1.602380244 0.000000000 0.000000000 52.160414820 90.515763385 0.000000000 0.000000000 0.000000000
  mean1.10    1.1    1.2     avgcyl.1.100-1.200.mean.txt avgcyl.1.100-1.200.mean.cleaned.txt  1.9756 0.005690000 2463.143989341 266.066821544 24.000000000 0.040423943 3903.109500129 1371.357755315 0.000000000 1.500000000 3.000000000    0.000000000 3.140419959 2.503861228 0.000000000 0.008413864 161.023122940 173.219287430 0.000000000 0.000000000 0.000000000
  mean1.20    1.2    1.3     avgcyl.1.200-1.300.mean.txt avgcyl.1.200-1.300.mean.cleaned.txt 1.48115 0.006360000 2358.450543471 267.297666689 24.000000000 0.038064191 3291.715060414 1493.983895641 0.000000000 1.500000000 3.000000000    0.000000000 4.276387668 4.330113944 0.000000000 0.015728483 194.271181890 477.415758423 0.000000000 0.000000000 0.000000000
  mean1.30    1.3    1.4     avgcyl.1.300-1.400.mean.txt avgcyl.1.300-1.400.mean.cleaned.txt 1.56466 0.006290000 2353.711907990 280.362999785 24.000000000 0.027207414 2615.520952029 1579.772545942 0.000000000 1.500000000 3.000000000    0.000000000 13.387953045 9.596134843 0.000000000 0.031826513 184.428926541 2105.677788495 0.000000000 0.000000000 0.000000000
