#     run      RA         Dec        MJDstart       MJDend         node  inclination     mu0       nu0
#       1  318.620784  -1.053274   51464.171742   51464.188767  95.000000   0.000000 318.620784  -1.053274
      94  336.432781  -1.044290   51075.233211   51075.455014 286.855205   0.009477 336.432669  -1.051504
     109   36.241560  -1.250552   51078.390783   51078.474944 283.391747   0.008279  36.241630  -1.258181
     125  350.469713  -1.252751   51081.255759   51081.495289 287.818732   0.007781 350.469635  -1.259662
     211   42.581119  -1.265174   51115.307000   51115.462055 283.219780   0.007975  42.581205  -1.272124
     240   15.189624  -1.264407   51132.185032   51132.248851 290.578187   0.010103  15.189603  -1.274465
     250   15.357149  -1.036114   51133.183000   51133.366999  62.095899   0.024055  15.356853  -1.018596
     259    8.375163  -1.047193   51134.160415   51134.390536 299.408811   0.007597   8.375113  -1.054284
     273   11.502728  -1.257735   51136.164000   51136.380853 286.541530   0.008068  11.502713  -1.265772
     297   61.151036  -1.153733   51139.293000   51139.372609  92.038416   0.040845  61.150336  -1.132765
     307   77.534484  -0.881988   51140.336000   51140.408561 318.930778   0.012093  77.534574  -0.892605
     308  107.889967  -0.886602   51140.420000   51140.505000 271.301292   0.009619 107.890109  -0.883855
     727  235.005745  -1.271876   51251.467705   51251.497121 289.317131   0.006134 235.005666  -1.266894
     745  160.353153  -1.061515   51257.245736   51257.494421 289.613188   0.005337 160.353215  -1.057382
     752  145.143546  -1.267896   51258.200869   51258.496088 269.084259   0.009016 145.143657  -1.260416
     756  117.406346  -1.056291   51259.121346   51259.453492 251.702115   0.008736 117.406458  -1.050038
     994   78.724161   2.986844   51457.451506   51457.502091 275.044012  15.000775  78.508332  -1.277907
    1000  359.688431  49.114731   51458.204579   51458.276725 181.180816 -92.815716  50.302341  -1.152418
    1006   64.134859  -1.159553   51458.468436   51458.491240 250.771685   0.001138  64.134882  -1.159685
    1009  309.422727  -1.055091   51459.182676   51459.272237 292.702508   0.004268 309.422652  -1.056319
    1010   13.959018  -3.525237   51459.286256   51459.317768  94.929341   2.488812  13.943366  -1.067206
    1011  356.846197  13.798957   51459.360744   51459.428329 275.004574  15.001812 357.081837  -1.057063
    1013   58.117809  -1.159918   51459.445270   51459.486319 276.389441   0.003420  58.117863  -1.162037
    1022    4.056246  13.962388   51463.300571   51463.381009 274.974967  15.005361   4.083245  -1.041122
    1024   37.815055  -9.464069   51463.397851   51463.457973  94.927513   9.991926  37.318234  -1.043744
    1033  318.620773  -1.053269   51464.171742   51464.269181  37.794552   0.016415 318.620717  -1.037146
    1035    6.987860  13.730291   51464.309251   51464.381812 274.965525  14.999218   6.930521  -1.259953
    1037   41.314421  -9.354640   51464.417745   51464.496939  95.000000  10.000000  40.766394  -1.261419
    1040  302.195208  -1.266055   51465.111825   51465.171947 299.100517   0.002680 302.195149  -1.266200
    1043    1.415976  13.917855   51465.293308   51465.387015 274.998119  15.001056   1.520683  -1.055072
    1045   35.710824  -9.678777   51465.406545   51465.494447  94.995382   9.998975  35.233157  -1.055598
    1056  326.068825  -1.291620   51467.283353   51467.374987  41.614458   0.000536 326.068822  -1.291101
    1057   56.584872  -1.162702   51467.387819   51467.428868 319.508963   0.000698  56.584874  -1.163394
    1122  126.146460  -1.269327   51582.313963   51582.359573  73.464298   0.000260 126.146457  -1.269534
    1140  154.442316  -3.209565   51586.355062   51586.497281 274.972125   2.498445 154.489566  -1.056880
    1231  170.799173  -3.687785   51606.402258   51606.486843 275.015303   2.498126 170.825691  -1.265996
    1239  121.936883  -1.266681   51607.195900   51607.269290  67.817534   0.004771 121.936821  -1.270547
    1241  139.908207  -3.031926   51607.286968   51607.359943 275.081581   2.491831 139.974621  -1.274111
    1302  112.681451  30.982125   51633.218119   51633.395167  95.000990  64.999607 130.218286  -1.055833
    1331  111.976589  29.517348   51638.168269   51638.279390  95.001392  64.996120 128.645571  -1.260819
    1332  147.840146  58.154328   51638.295191   51638.319240  95.009102  64.979450 166.415473  -1.244172
    1334  198.216916  -1.057531   51638.332517   51638.365687 277.603515   0.000793 198.216914  -1.056752
    1336  250.891960  64.238990   51638.383990   51638.420063  94.975170  79.955550 208.356425  -1.005890
    1339  250.402583  64.197113   51638.434758   51638.470417  94.973317  79.956591 208.298597  -1.215614
    1345  113.974328  32.831459   51639.116432   51639.467211  95.005081  64.998476 132.371424  -1.054330
    1350  112.023823  32.552995   51640.119983   51640.308226  95.000288  67.497793 131.278018  -1.263381
    1356  254.132308  66.910670   51640.372207   51640.414914  94.979973  82.461613 206.482852  -1.012937
    1359  253.723979  66.750207   51640.438924   51640.482460  94.986925  82.481957 206.576518  -1.243884
    1363  112.615772  33.927498   51641.135594   51641.184521  94.987238  67.511242 132.715879  -1.070553
    1365  148.607010  61.510823   51641.239515   51641.289685  95.001700  67.489546 168.558311  -1.043398
    1402  112.570285  33.860997   51659.148041   51659.227650  95.003007  67.497652 132.649184  -1.048943
    1404  200.527847  -1.058881   51659.250402   51659.274036 248.004778   0.001801 200.527825  -1.057553
    1411  124.944090  48.376589   51661.133778   51661.168607  95.001471  67.496594 149.853421  -1.156763
    1412  137.390386  56.989634   51661.178501   51661.336061  95.002739  67.503717 161.271220  -1.057866
    1449  187.990696 -23.529400   51667.176995   51667.208507 275.009355  22.518324 187.743065  -1.038311
    1450  121.778498  45.538997   51667.218162   51667.261698  94.998805  67.509356 146.286680  -1.063303
    1451  196.609806  -1.056763   51667.273013   51667.298720 174.132076   0.002385 196.609766  -1.057675
    1452  200.822633  -1.160233   51667.314583   51667.353559 186.776769   0.000156 200.822630  -1.160270
    1453  243.933226  49.521463   51667.375614   51667.449419  94.998633  67.506268 218.788897  -1.059061
    1458  132.695665   0.472706   51668.139661   51668.442757  95.007975   2.500703 132.685588  -1.056095
    1462  128.788938   0.123945   51669.143996   51669.419726  95.005791   2.500851 128.768208  -1.266432
    1463  265.626476  -1.267366   51669.444898   51669.465630   2.418997   0.040634 265.626581  -1.227017
    1478  210.443943   3.249959   51674.358629   51674.443214  94.993125   4.998526 210.406727  -1.264708
    1481  162.984421  -1.161803   51675.145015   51675.166990 165.795099   0.002008 162.984380  -1.161704
    1658  277.109697  -1.057867   51790.150393   51790.171954 205.337939   0.004389 277.109671  -1.062035
    1659  306.585219  -6.347296   51790.182519   51790.326811  95.001328   9.999461 307.136342  -1.059464
    1662  333.859808  -9.853563   51791.376591   51791.428420  94.848426  10.061379 334.358698  -1.199892
    1666  347.595866 -10.817793   51792.387439   51792.469121  94.999260   9.991779 347.910393  -1.273086
    1729  348.969544 -10.887930   51813.270895   51813.474895  95.000571  10.000898 349.261733  -1.267074
    1737  308.662164  -6.865798   51814.103651   51814.158797  94.999419   9.999713 309.253547  -1.270200
    1738  305.765515   6.718861   51814.167592   51814.198275 274.761380  15.046874 306.395935  -1.135678
    1739  315.694848   8.831242   51814.209652   51814.339017 275.001523  15.000243 316.467481  -1.057821
    1740  358.215792 -10.989644   51814.347789   51814.412471  95.002058  10.013740 358.339699  -1.044436
    1741   22.514570 -10.604228   51814.422551   51814.442868  94.888823   9.952943  22.207293  -1.108298
    1749  307.851559   6.970736   51817.121561   51817.196195 274.992395  15.004784 308.480187  -1.272641
    1752   25.261023  -1.056361   51818.338091   51818.479895 340.400247   0.000170  25.261020  -1.056481
    1754  313.946959   8.235476   51819.175475   51819.190817  95.000000 -15.000000 314.654580  -1.298157
    1755  313.193737  -1.287870   51819.223684   51819.480756 280.249704   0.001478 313.193709  -1.288673
    1854  344.114936 -10.416178   51865.098651   51865.135968  94.978583  10.000851 344.470733  -1.057056
    1855  348.919158 -10.674770   51865.152388   51865.198412  94.981495  10.009731 349.201736  -1.047137
    1862   30.966421 -10.069838   51866.179679   51866.224874  95.049067  10.015296  30.542799  -1.041324
    1863   46.621622  -1.163478   51866.238647   51866.272233   4.757175   0.002208  46.621589  -1.164952
    1869   31.042623 -10.062653   51868.275426   51868.305694  94.923284   9.979435  30.616182  -1.081650
    1886   31.283137 -10.043487   51874.150874   51874.193996  94.933149   9.984583  30.853953  -1.075310
    1887   36.618265  -1.056544   51874.223872   51874.281921  95.002579   0.000258  36.618263  -1.056324
    1888   29.055283 -10.207081   51874.297171   51874.333244  94.861628   9.961950  28.653198  -1.102021
    1889  113.335063  28.797739   51874.349171   51874.478122  94.998359  62.507600 128.690085  -1.271082
    1891  349.453612 -10.700853   51875.065255   51875.091792  95.065704   9.924509 349.728763  -1.134387
    1892  349.387675 -10.698065   51875.104671   51875.119598  94.972266  10.011871 349.662633  -1.046088
    1893   29.943140 -10.146610   51875.130783   51875.178051  94.972671   9.995769  29.531079  -1.065980
    1894   32.643094  -1.268813   51875.187542   51875.256371  33.273414   0.000162  32.643091  -1.268811
    1895  113.110587  28.873546   51875.267721   51875.413672  95.004257  62.495127 128.651423  -1.053288
    1896  149.663665  55.980117   51875.435785   51875.496321  95.000801  62.503870 166.115443  -1.271005
    1897  124.810974  -0.023503   51875.508078   51875.523005  95.000000   2.500000 124.786555  -1.266039
    1904  338.545327  12.426962   51878.154072   51878.303339 275.004500  15.001174 339.206798  -1.056351
    1907  124.235231   0.165105   51878.393520   51878.491788  94.969993   2.500763 124.218243  -1.057225
    1923  311.128985  43.664976   51886.140385   51886.157800 215.000779  44.985473 309.430719  -1.153022
    1924   92.367663  44.527675   51886.182903   51886.201146 354.000284  45.987531  89.956219  -1.147071
    1925   83.525668  44.784912   51886.218165   51886.231018 349.975886  45.782222  82.494906  -0.941384
    1926   76.652068  -6.718380   51886.250566   51886.273370 162.987762   5.555280  76.627638  -1.174364
    1927   76.691541  -6.955539   51886.284538   51886.306929 165.006258   5.807426  76.679472  -1.150603
    1992  151.470181   1.026350   51901.443582   51901.518630  95.001419   2.501552 151.469787  -1.059002
    2029  172.580689  -1.163055   51923.445889   51923.488181 300.323790   0.000839 172.580699  -1.162391
    2062  109.296974  23.311309   51933.281826   51933.360191  94.999425  62.495353 122.116896  -1.054819
    2064  120.851229  37.844308   51933.379005   51933.437468  94.998278  62.502722 139.696487  -1.271213
    2065  165.079852  62.287217   51933.469496   51933.529618  95.001436  64.989744 175.882012  -1.256703
    2068  119.347273  36.583388   51934.219533   51934.256021  94.990248  62.509796 137.965663  -1.069752
    2069  123.847648   1.146287   51934.289238   51934.334848  95.006244   5.000282 123.843040  -1.266782
    2073   33.231604  -9.890511   51935.135772   51935.178064  94.863697   9.971303  32.778303  -1.092938
    2074  121.723923  38.742554   51935.190553   51935.274309  94.997812  62.502923 140.826096  -1.272171
    2075  123.546206  40.532290   51935.289516   51935.314394  94.834600  62.688896 143.012360  -1.503933
    2076  111.939976  27.241624   51935.324905   51935.392904  94.983822  62.511776 126.708645  -1.073815
    2078  156.040669  60.535712   51935.412604   51935.523726  95.001882  64.996915 171.219478  -1.262768
    2125  120.497874   0.886210   51960.148670   51960.280523  94.984473   5.001525 120.482802  -1.268579
    2126  120.842693   1.125812   51960.290023   51960.469144  95.003796   4.999871 120.845493  -1.054574
    2127  180.089415  63.649179   51960.484706   51960.516218  95.002931  64.976834 182.823621  -1.242948
    2131  112.074586  24.698983   51961.100247   51961.210125  95.004337  59.987110 124.696389  -1.256186
    2133  172.976437  63.220752   51961.295098   51961.336976  95.002471  64.990059 179.614558  -1.255693
    2134  194.827166  63.393290   51961.368949   51961.522363  95.000931  64.996438 189.385545  -1.261875
    2137  110.783993  23.313804   51962.090398   51962.208154  94.998598  59.995050 122.886092  -1.056009
    2138  146.090174  52.166875   51962.217430   51962.270503  95.002233  59.999526 162.337657  -1.055206
    2140  122.436022  36.611341   51962.288341   51962.334780  94.999069  59.999471 139.553461  -1.266983
    2141  144.160623  -1.267554   51962.345274   51962.469664  92.857088   0.001543 144.160602  -1.268758
    2167  148.616887  52.879436   51980.160399   51980.210569  95.001239  60.006084 164.018898  -1.270401
    2168  170.096662   5.981599   51980.252572   51980.309377  95.004162   7.496477 170.176000  -1.264580
    2188  123.622210  -2.260014   51987.132586   51987.222561 274.980295   2.499837 123.685790  -1.060393
    2189  160.499277  61.730070   51987.242525   51987.292281  95.000670  65.016368 173.670982  -1.069579
    2190  183.506293   3.938878   51987.310281   51987.472817  94.987568   4.997093 183.509541  -1.056551
    2194  111.754780  -1.993262   51988.079255   51988.243035 275.018448   2.498214 111.822974  -1.272328
    2206  216.117048  62.741924   51991.263264   51991.405897  95.001144  67.496368 198.695241  -1.261058
    2207  242.309549  50.503262   51991.416320   51991.485564  94.978203  67.482460 217.358937  -1.239099
    2243  120.920846  35.111906   52014.103311   52014.266676  95.002087  59.994561 137.616519  -1.260747
    2247  162.338884   3.345998   52015.112037   52015.246793  95.005237   4.999380 162.373816  -1.268274
    2248  227.252353  56.193206   52015.256701   52015.366579  95.009286  65.006653 206.980688  -1.275106
    2259  122.366528  -2.419027   52016.123599   52016.209013 275.061903   2.494800 122.437967  -1.273084
    2298  151.385738  56.782082   52046.148882   52046.183297  95.002211  62.496555 167.343667  -1.049047
    2299  171.067848  60.714320   52046.191413   52046.323680  95.001214  62.498633 178.235635  -1.052614
    2304  137.814743  51.160115   52047.116690   52047.251860  95.001541  62.493824 157.605736  -1.048854
    2305  242.352223  44.434664   52047.262126   52047.334272  95.013829  62.511882 221.972857  -1.072183
    2326  168.273496  60.164739   52052.162904   52052.293513  95.001944  62.497326 176.766832  -1.262030
    2327  223.911341   0.679531   52052.303724   52052.340211  94.941289   2.496867 223.919321  -1.261733
    2328  242.197747  44.244286   52052.353128   52052.422787  95.003569  62.505782 222.035983  -1.270999
    2333  198.446434  -3.699316   52053.162471   52053.215129 274.993483   2.497541 198.421240  -1.270155
    2334  197.447184  -3.498367   52053.223187   52053.338455 274.975754   2.499212 197.425728  -1.058008
    2335  247.831453  42.614178   52053.355788   52053.414252  94.987719  64.997552 225.900809  -1.045837
    2336  307.943826  -1.268376   52053.424558   52053.452753  32.298461   0.001548 307.943823  -1.266836
    2347  245.185684  -1.162420   52059.386649   52059.408624   8.484235   0.001117 245.185697  -1.161487
    2348  247.237232  -4.411780   52059.416485   52059.443850 250.010934  45.177469 244.928435  -1.146152
    2379  213.931641  -3.454470   52075.162136   52075.230965 275.062697   2.502399 213.881912  -1.262448
    2385  307.383471  -1.056254   52075.313848   52075.351580 290.781472   0.002115 307.383433  -1.056859
    2391  211.277604   5.463734   52076.166048   52076.258511  95.002125   7.499587 211.156031  -1.266361
    2392  242.892715  78.293339   52076.268859   52076.365054  94.998389  84.991851 194.897437  -1.257464
    2506  320.407972  -1.120936   52144.206338   52144.236192 321.055206   0.001967 320.407934  -1.120914
    2507  318.545223   9.218647   52144.244302   52144.376155 274.985711  15.003467 319.304595  -1.223311
    2566  319.288820   9.306810   52170.173766   52170.306448 275.001056  14.998036 320.042784  -1.266902
    2570   20.671015  -1.060001   52170.376387   52170.481289 304.384529   0.001422  20.671008  -1.061382
    2574  258.993916  60.279149   52171.122118   52171.184728  94.983771  82.481060 213.454276  -1.246576
    2575  318.391828  -8.183622   52171.201577   52171.226040  95.006248  10.000945 318.991142  -1.266734
    2576  322.840288  -8.723118   52171.234668   52171.308473  95.043393   9.984292 323.425692  -1.284415
    2578   34.520669  -1.056853   52171.351852   52171.422754 179.170292   0.000059  34.520670  -1.056819
    2579   40.128344  -1.266577   52171.440705   52171.491290 108.182573   0.001907  40.128328  -1.264808
    2582  234.564714  80.696519   52172.102336   52172.204335  94.993257  84.984812 192.063222  -1.040983
    2583  304.545097  -1.265724   52172.215313   52172.316898 171.817963   0.000584 304.545105  -1.266153
    2585  328.115622  -1.268317   52172.330758   52172.366416  95.000000   0.000000 328.115622  -1.268317
    2589   16.782817  -1.058061   52173.278995   52173.401312 317.410362   0.009617  16.782726  -1.066337
    2591   42.215455  -1.267046   52173.420722   52173.448088 167.309307   0.000187  42.215458  -1.266893
    2649  343.390139  -1.057107   52196.252976   52196.323049 270.852809   0.004569 343.390114  -1.061466
    2650    5.147823  -1.056783   52196.331923   52196.363021 328.590183   0.000251   5.147820  -1.056933
    2659  303.761000  -1.058061   52197.112457   52197.168847 334.556143   0.001560 303.760975  -1.057263
    2662  319.285250  -1.056762   52197.199319   52197.397928 242.826402   0.000608 319.285248  -1.057353
    2677    6.864077  -1.058224   52207.303465   52207.390952 295.216971   0.020607   6.863956  -1.077783
    2699    8.302582  -3.554023   52224.230625   52224.262137  95.078333   2.521424   8.296902  -1.036582
    2700   21.699675  -1.058361   52224.272744   52224.381378 212.068663   0.000321  21.699681  -1.058419
    2708  345.341202  -1.057685   52225.121705   52225.229509 355.495612   0.000112 345.341200  -1.057666
    2709   21.358663  -1.267063   52225.237185   52225.345819 205.877670   0.000222  21.358668  -1.267080
    2711  113.261314  22.090373   52225.361158   52225.437865  95.001747  55.002140 123.341216  -1.268143
    2728  319.968566  -1.055957   52231.087215   52231.289141 243.244370   0.001442 319.968560  -1.057360
    2735  143.564981  48.118498   52233.453923   52233.505752  94.999000  57.504439 158.774314  -1.269659
    2738   13.829715  -1.057481   52234.207484   52234.336850 332.802316   0.001259  13.829698  -1.058307
    2740  114.506354  23.502565   52234.368713   52234.495175  94.998481  55.006863 125.159983  -1.270670
    2766   11.172175  -7.404566   52253.077861   52253.106885 189.985253 -90.001681   2.579081  -1.176806
    2768  343.697088  -1.056602   52253.139112   52253.255209 268.593671   0.002122 343.697078  -1.058652
    2777  113.130166  22.276375   52258.297085   52258.406548  94.996610  55.007951 123.407522  -1.063312
    2820   21.631632  -1.058609   52261.192450   52261.298596 140.156571   0.005341  21.631679  -1.053916
    2821  144.232475  45.995324   52261.312598   52261.395525  95.002671  54.998541 158.018417  -1.054116
    2822  112.457614  23.435042   52261.405297   52261.511029  94.992794  57.510406 123.904281  -1.067954
    2825  113.015558  23.771582   52262.248106   52262.355081  95.004217  57.505653 124.484432  -1.267714
    2826  126.326036  37.694672   52262.366514   52262.517440  95.000373  57.509475 142.464736  -1.062858
    2830  114.974581  22.094605   52263.254234   52263.477306  95.001538  52.506906 124.420820  -1.270522
    2831  138.935964  45.852037   52263.487102   52263.519444  94.977935  57.550265 154.877537  -1.316718
    2855   20.723588  -1.060161   52282.116563   52282.140198  95.000000   0.000000  20.723588  -1.060161
    2856   29.512168  -1.058004   52282.149331   52282.195769 127.373155   0.008830  29.512190  -1.049257
    2861   33.856887  -1.056908   52283.093680   52283.174534 145.447671   0.002339  33.856903  -1.054733
    2863  124.688280  36.308432   52283.226501   52283.317720  95.000299  57.498939 140.558702  -1.056827
    2864  113.407419  20.762310   52283.328855   52283.431684  94.999456  52.500221 122.455445  -1.057581
    2873   19.069555  -1.058035   52287.065845   52287.182356 320.029998   0.003898  19.069518  -1.061378
    2882  141.714959  42.231931   52287.330620   52287.362962  95.000000  52.500000 154.486174  -1.056970
    2883  143.996665  43.286113   52287.371237   52287.503919  95.000762  52.502263 156.466010  -1.058295
    2886   16.684044  -1.267838   52288.058657   52288.181803 326.945353   0.002443  16.684009  -1.269702
    2887  114.090483  19.456614   52288.190367   52288.329269  95.000059  50.003420 121.968437  -1.269436
    2888  113.686464  19.360745   52288.340329   52288.423670  94.996595  50.004358 121.635172  -1.062000
    2955   75.380062  -1.057369   52312.075420   52312.135542   9.820768   0.004700  75.380026  -1.061648
    2960   76.568840  -1.267478   52313.063702   52313.111799  25.785496   0.005101  76.568768  -1.271430
    2961  117.947510  23.133780   52313.120214   52313.177848  95.008815  49.999194 127.113739  -1.261174
    2964  127.100672  30.957678   52313.240812   52313.474665  95.000044  50.002207 138.400752  -1.058063
    2968   82.712408  -1.057502   52314.081545   52314.112643  90.636231   0.001306  82.712384  -1.057322
    2986  121.224776   2.053354   52318.223560   52318.355827  95.009682   7.499589 121.271059  -1.266061
    2987  148.096507  52.934805   52318.365469   52318.412323  94.998973  60.005391 163.777737  -1.060807
    2989  176.010556  58.627419   52318.433161   52318.478356  94.998869  60.015479 180.332743  -1.070726
    3015  122.571213   2.423019   52338.108169   52338.278998  95.007624   7.499946 122.650619  -1.055960
    3031  121.845277   3.269705   52345.124222   52345.410318  94.998195   9.999852 122.001461  -1.267654
    3058  187.119191  56.750539   52354.312362   52354.346776 185.005141  89.999341 241.773572  -1.158367
    3059  154.437741  44.369141   52354.356040   52354.421552  94.994881  50.016886 163.678454  -1.280279
    3098  220.237232   4.971205   52364.404154   52364.447276  95.066779   7.509343 220.093956  -1.175564
    3103  150.985463  48.384925   52365.099534   52365.204851  95.001260  54.995278 163.186018  -1.262417
    3104  206.722479   5.914999   52365.215842   52365.235330  94.762496   7.433323 206.602913  -0.983246
    3130  191.896242  53.741939   52379.194781   52379.228366  95.001451  55.004574 189.073481  -1.061845
    3177  203.133770  52.305878   52402.133288   52402.278824  95.000563  55.000777 195.973499  -1.268745
    3180  200.010135  52.978168   52402.338233   52402.441062  95.003193  54.998476 193.974330  -1.056150
    3183  188.402235  58.686348   52403.123552   52403.183674  94.998288  59.993679 186.767066  -1.261825
    3184  216.064748  54.601845   52403.191457   52403.259457  94.995479  59.993434 202.393677  -1.260741
    3185  241.071204  37.117940   52403.271030   52403.331981  95.005618  55.002044 226.434820  -1.062065
    3187  225.335203  48.601259   52403.357755   52403.437364  95.001751  57.496662 210.349911  -1.263942
    3204  253.939519  -1.162314   52424.330961   52424.362058 311.066189   0.000525 253.939514  -1.161873
    3225  204.415732  57.424662   52434.185331   52434.328379  95.003891  60.012665 195.313913  -1.068316
    3226  232.355033  47.917827   52434.337250   52434.427225  94.995551  59.996909 214.541924  -1.262107
    3230  199.960350   6.190847   52435.200973   52435.237046  95.024173   7.505899 199.873853  -1.063599
    3313  325.340166  -1.266720   52516.254971   52516.283995 145.433193   0.000513 325.340177  -1.266721
    3322  304.811029  -1.166030   52522.173990   52522.212550 104.777372   0.000648 304.811041  -1.165808
    3323  312.226277  -4.423315   52522.222760   52522.252199 314.989555  45.182526 309.906113  -1.161208
    3325  346.181686  -1.271203   52522.276285   52522.480284 170.669375   0.000480 346.181697  -1.271240
    3355   20.353203  -1.266427   52551.340869   52551.450746 169.375703   0.001444  20.353230  -1.265684
    3356    3.719142  31.924851   52551.467396   52551.500982 342.831098  62.033564  20.354026  -1.105231
    3358  258.669769  61.471170   52552.073303   52552.139230  94.993300  82.493713 212.278864  -1.049243
    3360  307.513569  -1.267017   52552.163561   52552.375853  98.784376   0.001022 307.513589  -1.266526
    3362   21.437687  -1.058002   52552.389863   52552.486057 230.333339   0.000086  21.437688  -1.058043
    3366    6.013418  34.666281   52553.293041   52553.339065 342.859856  62.007148  23.715290  -1.065193
    3367    4.512901  32.533963   52553.348200   52553.400859 342.865021  62.005847  21.254952  -1.271383
    3384  306.770208  -1.058085   52557.157417   52557.484147 276.282419   0.001112 306.770190  -1.058649
    3388  313.745695  -1.267469   52558.189269   52558.484487 208.757109   0.000200 313.745696  -1.267662
    3427  310.321129  -1.267172   52576.092040   52576.145527 295.446365   0.003191 310.321061  -1.267991
    3430   24.720618  -1.265549   52576.218890   52576.256621 296.946972   0.008585  24.720611  -1.274127
    3434  311.154883  -1.267965   52577.069582   52577.298044 160.916823   0.000183 311.154886  -1.268056
    3437  310.786421  -1.058181   52578.064616   52578.266542 264.900445   0.001778 310.786398  -1.059457
    3438   31.599031  -1.267467   52578.276494   52578.357348 308.967351   0.002906  31.599023  -1.270349
    3460   23.383491  -1.267532   52585.216720   52585.317890 188.341706   0.000334  23.383498  -1.267446
    3461   43.745653  -1.058529   52585.327331   52585.372111 143.996503   0.003095  43.745663  -1.055484
    3462  114.689757  18.427298   52585.382266   52585.501681  95.002162  47.503898 121.687669  -1.267628
    3465  327.698822  -1.267264   52586.120133   52586.266083 170.597952   0.000675 327.698836  -1.267526
    3478  120.161127   3.216386   52591.438988   52591.507402  95.004668  10.000385 120.332031  -1.057071
    3511   66.707329  25.860750   52614.263605   52614.294703 245.194524 -90.141736  91.060015  -1.423115
    3512   62.840775  24.131677   52614.302947   52614.335703 335.414593  25.315182  63.065355  -1.160945
    3513  114.875716  18.889052   52614.345574   52614.402793  95.004511  47.501755 122.135839  -1.054906
    3518  142.704257   6.362288   52615.462283   52615.514941  94.964983  10.006654 143.015118  -1.070303
    3525  162.857903   8.214586   52619.434300   52619.524275  94.999124  10.003944 163.092936  -1.062687
    3530  119.985420  23.326970   52621.365677   52621.529042  94.996679  47.506457 128.645892  -1.062377
    3538  119.764066   4.011420   52622.385917   52622.517770  95.010884  12.496278 120.036869  -1.265130
    3557   66.448766  22.674136   52639.162913   52639.194425  65.496644  89.961221  88.174138  -0.863577
    3559   62.299663  24.330907   52639.207379   52639.238476 335.411096  25.305438  62.575870  -0.941631
    3560  113.128608  15.571027   52639.250190   52639.387433  95.005889  45.000122 118.695632  -1.264375
    3562  148.854190  37.531231   52639.444949   52639.499680  94.998225  45.008993 157.103208  -1.272102
    3563  166.743553  -1.059817   52639.509903   52639.530635 279.643203   0.002971 166.743574  -1.057080
    3565   19.231040  -1.269675   52640.056250   52640.118860 113.105569   0.003054  19.231045  -1.266628
    3600  132.467787  54.193986   52662.317723   52662.360016  95.001719  67.495235 157.328073  -1.051794
    3605  113.551995  16.222831   52664.166093   52664.234507  95.001376  44.999230 119.433877  -1.057202
    3606  126.412627  26.200956   52664.244350   52664.315252  95.004689  45.000004 135.016262  -1.055932
    3610   35.903553  47.037668   52666.104397   52666.158714 274.994582  52.497746  25.490334  -1.052523
    3615  143.664167  35.705339   52666.253171   52666.288000  95.002848  45.000719 152.560984  -1.056853
    3628   33.538337  47.497937   52667.065869   52667.127235 275.007413  52.520834  23.838433  -1.286009
    3629   39.775738  45.763983   52667.136341   52667.185268 274.995416  52.501692  28.449227  -1.056857
    3630  118.395834   3.950326   52667.194781   52667.302171  95.004651  12.500349 118.686295  -1.058181
    3631  118.520379   4.798743   52667.310838   52667.517740  94.995233  15.001254 118.945915  -1.269166
    3634   32.107194  45.564921   52668.066423   52668.126130 275.001834  50.012225  23.606769  -1.067425
    3635  114.999152  15.758162   52668.135375   52668.224521  95.009237  42.498157 120.232615  -1.262443
    3642   30.274753  45.802715   52671.063558   52671.099217 274.985405  49.990039  22.315623  -1.251687
    3643   38.921670  43.280566   52671.107163   52671.151944 274.991999  49.996943  28.974188  -1.260507
    3644  114.363389  15.525149   52671.160786   52671.286420  95.005210  42.499903 119.610854  -1.055873
    3647  138.626169  31.092079   52671.342212   52671.418504  94.999239  42.509566 146.685636  -1.063190
    3650  185.359784  48.735351   52671.477910   52671.530153  95.001235  50.001052 185.237768  -1.265134
    3664  208.462370  46.220720   52681.448836   52681.491958  94.986230  49.977675 200.989238  -1.241547
    3697  164.467286  54.446245   52704.262897   52704.297726  94.998254  57.494533 173.228592  -1.262349
    3698  152.539946  41.258389   52704.309304   52704.398865  95.000118  47.504463 161.198571  -1.272084
    3699  182.635418  46.207260   52704.407798   52704.508139  95.001068  47.502768 183.363756  -1.270586
    3704  133.417407  28.164874   52705.246855   52705.322318  94.997440  42.505476 141.297807  -1.271042
    3705  189.269063  56.369397   52705.332852   52705.501193  94.999170  57.501994 187.362877  -1.058298
    3712  164.512448  54.457489   52708.359673   52708.465405  95.000745  57.502358 173.258078  -1.266601
    3716  180.636525  46.360596   52709.398326   52709.496594  95.001437  47.511912 181.990140  -1.066729
    3723  225.098717  38.654652   52710.405499   52710.500449  94.997939  47.503468 215.203655  -1.058127
    3804  158.961717   9.992496   52721.134829   52721.220243  94.997535  12.501159 159.378807  -1.268479
    3805  188.643628  11.208047   52721.229068   52721.280068  94.983926  12.486819 188.574598  -1.253985
    3813  143.669767  35.706928   52722.100340   52722.323412  95.000963  45.002921 152.565194  -1.060146
    3818  153.741388  39.165243   52724.227955   52724.403759  94.998095  45.002451 161.270084  -1.267635
    3830  119.084275   5.155167   52728.139511   52728.270950  94.993623  15.001466 119.576197  -1.056413
    3836  149.999121   9.225378   52729.135213   52729.399334  95.000109  12.498856 150.509723  -1.058135
    3838  193.556947  50.915249   52729.426634   52729.478463  94.996489  52.494790 190.382768  -1.260191
    3840  153.688420  36.702136   52730.094681   52730.204144  95.000666  42.507467 160.369474  -1.274600
    3841  166.353465   5.840999   52730.213208   52730.345061  94.997466   7.498594 166.449099  -1.267124
    3842  182.595009   6.436250   52730.354059   52730.455644  95.000961   7.499509 182.609775  -1.056707
    3893  154.642617  37.208858   52754.113315   52754.302387  94.999046  42.500600 161.260118  -1.057546
    3894  205.082787  10.492125   52754.312164   52754.445261  94.996008  12.499880 204.737869  -1.265752
    3900  125.055226  21.270936   52755.112084   52755.449595  94.998448  40.004400 131.217525  -1.269420
    3903  183.837152   8.939497   52756.117287   52756.288115  95.000949  10.000351 183.851094  -1.058826
    3905  201.247195   6.145797   52756.299245   52756.350245  94.998904   7.499660 201.154071  -1.056818
    3909  197.872382   8.484274   52757.190740   52757.321764  95.007676  10.001332 197.732400  -1.269943
    3910  211.746545   5.646820   52757.330342   52757.419903  95.003423   7.501833 211.611428  -1.058474
    3911  236.067657  30.881056   52757.429360   52757.454653  94.976205  44.987540 226.884774  -1.035314
    3918  190.146518  51.328260   52758.123752   52758.292093  95.001936  52.501334 188.214481  -1.058630
    3919  201.407723  40.027922   52758.301616   52758.447152  94.999921  42.506250 197.494712  -1.270431
    3926  226.355378  37.873922   52760.270693   52760.362741  95.002317  47.504276 216.445878  -1.270121
    3927  228.297614  32.509325   52760.376164   52760.458676  94.986279  42.495588 220.336386  -1.045840
    3958  230.144064  38.542856   52787.226196   52787.311196  94.998012  49.998974 218.681247  -1.263476
    3964  209.188740  48.592456   52788.133337   52788.267263  95.004080  52.506686 200.729810  -1.272249
    3965  230.293905  38.719625   52788.276240   52788.360411  94.975681  49.996352 218.675594  -1.039804
    3967  236.241822  30.782850   52788.380146   52788.424512  94.977730  44.991612 227.064197  -1.038635
    3970  183.924232  13.729451   52789.138613   52789.205783  94.998824  15.001263 183.954683  -1.269278
    3971  199.818721  13.253097   52789.213554   52789.308919  94.998204  15.001620 199.418940  -1.268102
    3972  225.276221  10.269097   52789.316497   52789.379106  95.016212  15.003688 224.514997  -1.271992
    3983  221.000286  37.580025   52797.316284   52797.387187  95.002653  45.001013 212.771717  -1.269021
    3992  222.001950  37.214303   52811.230944   52811.304749  94.992605  45.003315 213.644922  -1.264641
    3996  207.595373  12.832622   52812.154840   52812.265962  94.989552  14.999812 207.004711  -1.055890
    3997  236.139001  30.840632   52812.275529   52812.339382  94.977460  44.993012 226.958589  -1.040011
    4002  209.022182  36.376095   52813.162351   52813.289228  94.979498  39.998192 204.131969  -1.047248
    4003  245.059053  24.921716   52813.298235   52813.335967  94.992644  45.000670 236.815249  -1.262616
    4007  206.020686  34.316987   52814.157504   52814.195651  94.997530  37.502925 202.237315  -1.266680
    4010  214.955918  32.290454   52815.154421   52815.265957  94.978820  37.491080 209.970288  -1.249986
    4011  230.136970  61.009635   52815.274504   52815.382308  95.004305  70.001666 205.099754  -1.269531
    4014  208.710530  34.002702   52816.159390   52816.285438  94.988311  37.497567 204.473887  -1.049728
    4015  239.156888  79.356715   52816.296139   52816.375748  94.999074  85.001544 193.611833  -1.266749
    4023  209.318068  31.240106   52821.203479   52821.249089  94.998270  35.003076 205.620249  -1.266759
    4031  310.837566  37.753301   52821.396819   52821.417551 129.427844 -90.060937 347.188588  -1.151876
    4073   21.717631  -1.057556   52872.387340   52872.449120 163.747518   0.001417  21.717652  -1.056685
    4076  262.163192   7.108636   52873.129097   52873.224877  98.616866  27.191365 260.762255  -1.052057
    4100  341.704877  62.176043   52900.365891   52900.442184 186.880959  78.509968 301.872751  -1.055005
    4107  310.733244  31.122625   52901.092996   52901.112069 309.743622  89.842995 340.871921  -0.766005
    4114  310.755116  32.594754   52902.095908   52902.131566 129.492684 -90.021591 342.093411  -1.075209
    4115  310.779254  34.343448   52902.139543   52902.163592 129.343376 -90.145369 343.692637  -1.267548
    4116  300.606811  39.794069   52902.173381   52902.200747 219.493744  41.398000 302.675104  -1.254337
    4119  311.031665  34.275666   52902.212346   52902.236809 129.402823 -90.081413 343.687658  -1.391777
    4127  299.882877  39.523682   52908.194427   52908.225109 219.506601  40.994435 302.096172  -1.062648
    4128  343.152969  -1.056422   52908.233998   52908.447119 171.020283   0.001056 343.152988  -1.056567
    4134  241.098877  74.645509   52909.085082   52909.248447 186.879511  78.507751 267.971724  -1.053363
    4135  335.909765  66.112964   52909.258917   52909.384136 186.871109  78.502474 297.194630  -1.254289
    4136   28.856063  -1.260669   52909.399761   52909.484346 298.178936   0.003748  28.856064  -1.264417
    4143  257.739487  76.521403   52910.104617   52910.155616 186.879088  78.511838 272.495149  -1.266718
    4144  267.101702  77.061579   52910.164192   52910.238826 186.883113  78.516421 274.702578  -1.272033
    4145  345.097179  -1.266849   52910.248806   52910.457781 138.776109   0.001070 345.097200  -1.266375
    4152  354.977762  41.699080   52911.167318   52911.239464 186.895971  78.520744 323.839548  -1.072797
    4153  344.737411  -1.055608   52911.252172   52911.320172 125.222941   0.001926 344.737439  -1.054383
    4157   20.652329  -1.053814   52912.317297   52912.425930 136.912355   0.002399  20.652348  -1.051662
    4158   80.519761  -1.266634   52912.448025   52912.479537 172.194276   0.001260  80.519762  -1.265374
    4184  306.380746  -1.057936   52929.083886   52929.200398 181.550993   0.000430 306.380750  -1.058289
    4187  310.891934  -1.267131   52930.083431   52930.121577  29.016385   0.000556 310.891932  -1.266586
    4188  345.132443  -1.056886   52930.130639   52930.190346   1.459514   0.000961 345.132426  -1.056616
    4192  308.305942  -1.267529   52931.077100   52931.281099  78.391327   0.001904 308.305969  -1.266072
    4198  308.154618  -1.058153   52934.068956   52934.378272 270.498851   0.000746 308.154607  -1.058609
    4203  303.809316  -1.267922   52935.061607   52935.383362 136.474560   0.000253 303.809322  -1.267978
    4204  111.632414  35.264923   52935.394542   52935.496956  94.998703  70.008353 133.506973  -1.274932
    4207  307.315187  -1.057386   52936.062558   52936.374361 257.414341   0.000809 307.315178  -1.058004
    4208  111.345622  35.263435   52936.386308   52936.495771  94.997895  70.007765 133.403645  -1.064759
    4233  110.440667  36.958950   52946.366885   52946.428666  94.999628  72.503513 134.608633  -1.268861
    4247  345.313558  -1.267498   52959.119895   52959.234749 209.031753   0.001057 345.313575  -1.268229
#    9999   11.172175  -7.404566   52253.077861   52253.106885 189.985253 -90.001681   2.579081  -1.176806

