# Histogram of ri in dx = 0.01 bins.
# x = [-1, 2.5)
#
#
-1 3173
-0.99 6395
-0.98 6459
-0.97 6476
-0.96 6617
-0.95 6651
-0.94 6775
-0.93 6910
-0.92 6965
-0.91 7076
-0.9 7131
-0.89 7303
-0.88 7374
-0.87 7409
-0.86 7618
-0.85 7612
-0.84 7755
-0.83 7852
-0.82 8004
-0.81 8259
-0.8 8317
-0.79 8573
-0.78 8443
-0.77 8706
-0.76 8915
-0.75 9219
-0.74 9391
-0.73 9741
-0.72 9704
-0.71 10104
-0.7 10529
-0.69 10744
-0.68 11149
-0.67 11554
-0.66 11839
-0.65 12304
-0.64 12761
-0.63 12817
-0.62 13130
-0.61 13760
-0.6 14020
-0.59 14293
-0.58 14559
-0.57 14976
-0.56 15508
-0.55 15906
-0.54 16341
-0.53 16951
-0.52 17214
-0.51 17970
-0.5 18543
-0.49 19059
-0.48 19534
-0.47 20437
-0.46 20969
-0.45 21456
-0.44 22559
-0.43 22915
-0.42 23353
-0.41 24781
-0.4 25522
-0.39 26481
-0.38 27348
-0.37 28365
-0.36 29598
-0.35 31086
-0.34 32262
-0.33 33495
-0.32 34939
-0.31 36892
-0.3 38626
-0.29 40844
-0.28 42369
-0.27 43763
-0.26 46455
-0.25 48337
-0.24 49985
-0.23 51614
-0.22 53760
-0.21 55986
-0.2 58153
-0.19 60400
-0.18 63180
-0.17 65129
-0.16 68405
-0.15 70047
-0.14 73881
-0.13 76711
-0.12 80408
-0.11 84890
-0.1 88887
-0.09 93271
-0.08 99059
-0.07 104710
-0.06 111389
-0.05 119678
-0.04 126360
-0.03 136695
-0.02 147589
-0.01 159971
0 174825
0.01 192445
0.02 212580
0.03 238378
0.04 272473
0.05 315309
0.06 373006
0.07 440554
0.08 520340
0.09 612701
0.1 702123
0.11 791811
0.12 870150
0.13 921549
0.14 932068
0.15 907424
0.16 870084
0.17 829762
0.18 793050
0.19 761251
0.2 734063
0.21 706734
0.22 679181
0.23 647061
0.24 618026
0.25 584706
0.26 552365
0.27 524410
0.28 496383
0.29 471877
0.3 451639
0.31 433033
0.32 415401
0.33 400358
0.34 386363
0.35 372971
0.36 360551
0.37 352401
0.38 341433
0.39 333075
0.4 328298
0.41 320336
0.42 313897
0.43 308399
0.44 303428
0.45 299522
0.46 295371
0.47 291216
0.48 288423
0.49 283647
0.5 280636
0.51 276192
0.52 272911
0.53 269764
0.54 265885
0.55 261944
0.56 257213
0.57 253532
0.58 249742
0.59 246268
0.6 243278
0.61 238482
0.62 235140
0.63 230825
0.64 227289
0.65 224093
0.66 221712
0.67 217746
0.68 215342
0.69 211207
0.7 209472
0.71 205552
0.72 203737
0.73 201376
0.74 199405
0.75 196821
0.76 195163
0.77 193395
0.78 192628
0.79 190607
0.8 189031
0.81 188327
0.82 187157
0.83 186954
0.84 185701
0.85 185305
0.86 183588
0.87 183533
0.88 182935
0.89 182605
0.9 181782
0.91 182878
0.92 182334
0.93 181515
0.94 182037
0.95 180592
0.96 181218
0.97 181823
0.98 180670
0.99 181312
1 181188
1.01 179930
1.02 180851
1.03 180700
1.04 180596
1.05 179457
1.06 179364
1.07 179097
1.08 180051
1.09 178576
1.1 178663
1.11 177595
1.12 177090
1.13 175589
1.14 174980
1.15 174631
1.16 173671
1.17 172392
1.18 170885
1.19 169003
1.2 167383
1.21 166563
1.22 164285
1.23 161967
1.24 160780
1.25 157096
1.26 155496
1.27 153296
1.28 151091
1.29 147923
1.3 145005
1.31 143003
1.32 139262
1.33 135890
1.34 132303
1.35 127974
1.36 125719
1.37 121551
1.38 117160
1.39 113149
1.4 109381
1.41 105961
1.42 101422
1.43 97731
1.44 93578
1.45 89243
1.46 85106
1.47 81151
1.48 77218
1.49 72953
1.5 70010
1.51 65979
1.52 62604
1.53 58725
1.54 54615
1.55 51851
1.56 49199
1.57 45901
1.58 42824
1.59 40910
1.6 38130
1.61 35855
1.62 32794
1.63 31181
1.64 28677
1.65 27032
1.66 25132
1.67 23641
1.68 22279
1.69 20692
1.7 19309
1.71 17941
1.72 16981
1.73 15933
1.74 14415
1.75 13886
1.76 12959
1.77 12173
1.78 11177
1.79 10685
1.8 9964
1.81 9193
1.82 8678
1.83 8342
1.84 7740
1.85 7213
1.86 6789
1.87 6296
1.88 6051
1.89 5663
1.9 5399
1.91 5125
1.92 4753
1.93 4524
1.94 4223
1.95 3911
1.96 3713
1.97 3492
1.98 3314
1.99 3159
2 2977
2.01 2927
2.02 2798
2.03 2603
2.04 2381
2.05 2243
2.06 2255
2.07 2128
2.08 2043
2.09 1832
2.1 1762
2.11 1768
2.12 1577
2.13 1585
2.14 1458
2.15 1422
2.16 1285
2.17 1346
2.18 1225
2.19 1169
2.2 1144
2.21 1046
2.22 1041
2.23 974
2.24 984
2.25 881
2.26 893
2.27 847
2.28 776
2.29 765
2.3 749
2.31 722
2.32 694
2.33 659
2.34 658
2.35 614
2.36 611
2.37 556
2.38 541
2.39 581
2.4 483
2.41 516
2.42 513
2.43 469
2.44 472
2.45 447
2.46 414
2.47 436
2.48 392
2.49 401
